   # ticker        messages        MB     cumMB
   1 TQQQ         5,846,895    174.09    174.09
   2 QQQ          5,309,242    158.48    332.56
   3 SPY          4,807,601    143.62    476.18
   4 IWM          3,635,280    108.94    585.13
   5 AAPL         2,451,672     74.45    659.57
   6 XELA         2,166,928     67.02    726.60
   7 MSFT         2,158,118     64.81    791.41
   8 DIA          2,089,842     62.45    853.86
   9 AMD          1,796,395     53.87    907.73
  10 IVV          1,587,689     47.46    955.19
  11 XLY          1,587,406     47.00   1002.19
  12 UVXY         1,563,364     46.70   1048.89
  13 QLD          1,420,074     42.46   1091.35
  14 IJH          1,438,991     42.19   1133.54
  15 XLK          1,380,957     41.18   1174.72
  16 TLT          1,360,864     40.80   1215.52
  17 VXX          1,358,103     40.65   1256.17
  18 SPXL         1,350,831     40.58   1296.74
  19 AMC          1,302,517     40.01   1336.75
  20 SMH          1,317,045     39.24   1375.99
  21 TNA          1,214,229     36.98   1412.97
  22 SH           1,206,564     35.79   1448.76
  23 XBI          1,195,121     35.48   1484.24
  24 MU           1,172,416     35.28   1519.52
  25 QQQM         1,180,902     35.02   1554.54
  26 XLI          1,140,960     34.13   1588.68
  27 XLB          1,117,978     33.39   1622.06
  28 NIO          1,099,035     33.10   1655.16
  29 IJR          1,092,297     32.89   1688.05
  30 UPRO         1,090,733     32.83   1720.89
  31 TSLA         1,051,965     32.53   1753.41
  32 XLE          1,069,714     32.04   1785.46
  33 SPCE           985,819     30.18   1815.64
  34 GLD          1,003,891     29.85   1845.49
  35 XOP          1,010,845     29.78   1875.26
  36 IWD            997,229     29.51   1904.77
  37 IYR            968,981     29.09   1933.85
  38 SLB            966,012     28.81   1962.66
  39 MDY            964,563     28.51   1991.17
  40 VOO            929,298     28.02   2019.19
  41 IWN            941,243     27.89   2047.08
  42 VTI            912,575     27.03   2074.11
  43 KRE            894,329     26.82   2100.94
  44 IWF            896,222     26.59   2127.53
  45 FB             865,837     26.38   2153.90
  46 C              860,696     25.90   2179.80
  47 TLRY           859,684     25.80   2205.60
  48 BABA           840,435     25.65   2231.25
  49 XLV            849,132     25.36   2256.62
  50 CVX            843,613     25.14   2281.76
  51 MT             852,835     25.06   2306.82
  52 AZN            840,832     25.06   2331.88
  53 BAC            828,734     25.03   2356.91
  54 SOXL           825,311     24.77   2381.68
  55 XLNX           807,459     23.96   2405.64
  56 GUSH           792,064     23.81   2429.45
  57 XLC            801,825     23.81   2453.25
  58 JPM            786,192     23.75   2477.00
  59 PYPL           783,151     23.73   2500.73
  60 FAS            797,807     23.65   2524.38
  61 TZA            777,972     23.49   2547.88
  62 WFC            776,799     23.42   2571.30
  63 JD             770,639     23.32   2594.62
  64 GM             770,918     23.20   2617.82
  65 STM            778,149     23.00   2640.82
  66 MS             764,245     22.96   2663.78
  67 EWZ            765,875     22.95   2686.73
  68 INTC           754,734     22.79   2709.52
  69 VALE           752,809     22.41   2731.93
  70 VNQ            750,158     22.36   2754.29
  71 X              742,523     22.25   2776.54
  72 UAL            731,318     22.05   2798.60
  73 DIS            721,493     21.84   2820.44
  74 RIO            727,000     21.49   2841.93
  75 SOXX           718,593     21.47   2863.40
  76 FITB           711,816     21.42   2884.82
  77 KBE            715,669     21.35   2906.17
  78 SSO            704,729     21.32   2927.49
  79 XOM            708,351     21.28   2948.76
  80 PSQ            711,767     21.06   2969.82
  81 AHPI           636,107     20.77   2990.59
  82 AAL            677,165     20.39   3010.99
  83 RDS.A          689,654     20.37   3031.36
  84 SVXY           669,127     20.03   3051.39
  85 PLUG           659,775     20.00   3071.40
  86 VIXY           668,265     19.97   3091.36
  87 SQQQ           658,663     19.78   3111.14
  88 SAP            674,672     19.67   3130.81
  89 GDX            646,585     19.28   3150.09
  90 ITB            647,081     19.25   3169.34
  91 OXY            629,277     18.93   3188.27
  92 CCL            627,328     18.91   3207.18
  93 AMAT           620,897     18.67   3225.84
  94 PDD            617,702     18.62   3244.46
  95 CFG            622,009     18.61   3263.08
  96 UDOW           612,535     18.25   3281.32
  97 TECL           608,882     18.22   3299.54
  98 DVN            603,549     18.20   3317.74
  99 BA             597,971     18.16   3335.90
 100 RDS.B          603,457     17.99   3353.90
 101 LABU           584,594     17.86   3371.75
 102 NVS            602,831     17.62   3389.38
 103 XLF            585,974     17.52   3406.89
 104 IWO            583,191     17.39   3424.28
 105 MTUM           579,657     17.26   3441.54
 106 USB            572,676     17.15   3458.69
 107 ARKK           570,607     17.01   3475.70
 108 XLU            558,824     16.75   3492.45
 109 IWB            559,588     16.55   3509.00
 110 RSP            556,602     16.52   3525.52
 111 DAL            545,153     16.45   3541.97
 112 WMT            546,927     16.37   3558.34
 113 XLP            550,678     16.33   3574.67
 114 CLF            541,009     16.26   3590.93
 115 FCX            536,620     16.23   3607.16
 116 COP            537,317     16.18   3623.34
 117 XHB            539,526     16.04   3639.38
 118 BP             529,147     15.76   3655.14
 119 V              522,079     15.66   3670.79
 120 CSCO           520,102     15.65   3686.44
 121 QID            516,269     15.51   3701.95
 122 HAL            516,506     15.50   3717.45
 123 QCOM           512,694     15.49   3732.94
 124 TWTR           510,146     15.38   3748.31
 125 ORCL           500,940     15.26   3763.57
 126 OSAT           463,301     15.22   3778.79
 127 ACWI           506,111     15.16   3793.95
 128 CLOV           500,432     15.16   3809.10
 129 MPC            505,201     15.14   3824.24
 130 TXN            504,533     15.14   3839.38
 131 ASML           498,276     15.03   3854.41
 132 VTWO           506,723     14.96   3869.37
 133 ABNB           492,731     14.91   3884.28
 134 GOOG           455,283     14.79   3899.06
 135 PEP            486,353     14.77   3913.83
 136 NOK            507,819     14.76   3928.59
 137 VTV            496,386     14.72   3943.31
 138 VUG            488,519     14.64   3957.95
 139 CMCSA          484,445     14.61   3972.57
 140 FAZ            500,494     14.59   3987.16
 141 ERX            486,704     14.53   4001.69
 142 VIAC           479,389     14.53   4016.22
 143 NVDA           467,486     14.52   4030.74
 144 FISV           481,483     14.51   4045.25
 145 NCLH           481,068     14.48   4059.73
 146 KBWB           487,038     14.46   4074.19
 147 EWY            484,255     14.44   4088.62
 148 ERJ            490,080     14.42   4103.04
 149 AMZN           463,327     14.38   4117.42
 150 DOW            481,837     14.37   4131.79
 151 SBUX           474,153     14.32   4146.11
 152 BHP            479,064     14.28   4160.40
 153 UBER           469,423     14.24   4174.64
 154 LUV            472,287     14.21   4188.86
 155 MCHI           469,910     14.09   4202.94
 156 BBL            466,480     13.96   4216.91
 157 USO            464,948     13.82   4230.73
 158 ADI            458,690     13.73   4244.45
 159 NKE            453,686     13.67   4258.12
 160 SYF            449,769     13.65   4271.78
 161 M              444,317     13.43   4285.21
 162 EFA            449,681     13.43   4298.64
 163 OIH            448,311     13.36   4312.00
 164 XME            443,189     13.29   4325.29
 165 TAL            435,904     13.22   4338.51
 166 TSM            434,700     13.19   4351.70
 167 ABT            442,052     13.19   4364.89
 168 O              440,999     13.18   4378.06
 169 WISH           432,280     13.17   4391.24
 170 VO             443,150     13.15   4404.39
 171 VDE            439,875     13.11   4417.50
 172 EQNR           443,950     12.95   4430.45
 173 PG             430,251     12.93   4443.39
 174 SDOW           424,702     12.76   4456.15
 175 FNGU           428,495     12.68   4468.83
 176 MET            422,935     12.66   4481.49
 177 RUN            419,456     12.63   4494.12
 178 SID            429,353     12.62   4506.74
 179 SPTL           422,904     12.54   4519.28
 180 SCHW           409,848     12.38   4531.66
 181 ROST           412,837     12.33   4543.99
 182 KEY            410,795     12.31   4556.30
 183 GDXJ           411,727     12.31   4568.62
 184 IEMG           409,505     12.24   4580.85
 185 BNTX           405,145     12.21   4593.06
 186 BUD            410,890     12.21   4605.28
 187 LABD           415,813     12.12   4617.40
 188 CL             401,924     12.03   4629.42
 189 TMF            399,779     11.95   4641.38
 190 EEM            397,679     11.87   4653.25
 191 AU             400,025     11.84   4665.09
 192 ATOS           382,437     11.78   4676.87
 193 XLRE           394,867     11.74   4688.60
 194 MDLZ           385,201     11.61   4700.21
 195 EBAY           381,511     11.59   4711.80
 196 PRU            383,381     11.46   4723.26
 197 VGT            381,609     11.39   4734.65
 198 SQ             375,333     11.34   4745.99
 199 GOOGL          365,215     11.29   4757.28
 200 ON             374,736     11.24   4768.52
 201 LYFT           373,623     11.23   4779.75
 202 ZM             372,282     11.20   4790.96
 203 ATVI           368,641     11.15   4802.11
 204 KSS            372,828     11.14   4813.25
 205 PLTR           364,822     11.08   4824.33
 206 DEO            368,120     11.07   4835.40
 207 PBR.A          374,738     11.04   4846.44
 208 IBM            367,546     11.01   4857.45
 209 SPMD           375,112     10.95   4868.41
 210 XRT            367,068     10.93   4879.34
 211 MRO            364,460     10.93   4890.27
 212 TD             369,606     10.90   4901.18
 213 UL             370,202     10.89   4912.07
 214 TME            356,843     10.88   4922.95
 215 IWR            365,045     10.87   4933.82
 216 CGC            361,732     10.81   4944.63
 217 DISCK          359,302     10.77   4955.40
 218 MRK            355,949     10.72   4966.12
 219 APA            355,673     10.70   4976.82
 220 DUK            357,320     10.68   4987.50
 221 TFC            355,497     10.67   4998.17
 222 JNJ            352,410     10.59   5008.76
 223 TTE            362,448     10.58   5019.34
 224 NTCO           359,552     10.51   5029.85
 225 ALLY           350,908     10.50   5040.35
 226 WORX           332,912     10.46   5050.81
 227 CRM            342,987     10.46   5061.27
 228 TS             350,735     10.44   5071.71
 229 XEL            347,301     10.41   5082.12
 230 TMV            349,862     10.41   5092.53
 231 IVE            348,734     10.36   5102.89
 232 DISCA          341,339     10.35   5113.23
 233 COF            342,025     10.27   5123.50
 234 VGLT           343,733     10.24   5133.73
 235 KO             334,363     10.16   5143.90
 236 F              336,606     10.12   5154.02
 237 SPXS           333,542     10.11   5164.13
 238 HSBC           339,757     10.08   5174.21
 239 MDT            335,577     10.06   5184.27
 240 NKLA           328,476      9.95   5194.22
 241 PLD            332,502      9.92   5204.14
 242 NEM            328,670      9.90   5214.04
 243 VTR            329,483      9.89   5223.93
 244 ADBE           322,167      9.86   5233.80
 245 NEE            327,381      9.83   5243.62
 246 WDC            326,526      9.82   5253.44
 247 XITK           330,115      9.82   5263.26
 248 AA             325,067      9.80   5273.06
 249 IGM            324,326      9.78   5282.85
 250 FHN            324,999      9.78   5292.63
 251 SPYG           329,955      9.77   5302.40
 252 DKNG           322,627      9.77   5312.17
 253 PINS           321,384      9.77   5321.94
 254 CDNS           325,239      9.73   5331.66
 255 NUGT           324,458      9.72   5341.38
 256 BTI            320,699      9.65   5351.04
 257 ITOT           316,830      9.53   5360.57
 258 KHC            313,517      9.52   5370.08
 259 AR             315,949      9.51   5379.60
 260 PBR            319,408      9.51   5389.10
 261 KIM            315,908      9.48   5398.58
 262 AFL            316,554      9.47   5408.06
 263 CSF            319,549      9.47   5417.52
 264 CHPT           313,889      9.46   5426.98
 265 IYW            318,741      9.45   5436.43
 266 VER            316,213      9.38   5445.81
 267 SPXU           309,133      9.35   5455.16
 268 EWJ            312,282      9.32   5464.49
 269 RTX            309,759      9.32   5473.81
 270 PM             309,838      9.30   5483.11
 271 XSD            312,378      9.30   5492.41
 272 VT             308,935      9.30   5501.71
 273 NFLX           302,441      9.29   5511.00
 274 PAAS           310,532      9.29   5520.29
 275 BKR            306,565      9.26   5529.55
 276 IYF            311,610      9.23   5538.78
 277 SPWR           306,916      9.22   5548.00
 278 RF             306,258      9.21   5557.22
 279 VZ             306,725      9.21   5566.43
 280 GOLD           311,405      9.21   5575.64
 281 WPM            308,014      9.19   5584.82
 282 PSX            305,979      9.19   5594.01
 283 SNAP           301,424      9.16   5603.17
 284 PBCT           305,604      9.13   5612.30
 285 WBA            298,010      9.09   5621.39
 286 DHI            301,257      9.08   5630.47
 287 MRVL           299,434      9.05   5639.53
 288 HPQ            296,721      9.04   5648.56
 289 IEFA           302,628      9.04   5657.60
 290 NRGU           301,130      9.00   5666.60
 291 WCLD           290,696      8.99   5675.59
 292 STL            300,809      8.96   5684.55
 293 ABBV           294,621      8.93   5693.48
 294 DDM            297,334      8.90   5702.37
 295 BIDU           290,177      8.88   5711.26
 296 IVOO           302,563      8.79   5720.05
 297 KWEB           287,289      8.75   5728.80
 298 ENB            294,797      8.74   5737.54
 299 CSX            288,292      8.74   5746.28
 300 ARKG           291,817      8.70   5754.99
 301 FNB            287,654      8.69   5763.67
 302 LQD            286,545      8.65   5772.33
 303 JBLU           286,774      8.64   5780.97
 304 CVS            287,481      8.63   5789.60
 305 LEN            286,977      8.63   5798.23
 306 BILI           282,253      8.62   5806.85
 307 IQ             284,713      8.61   5815.46
 308 AGQ            290,049      8.59   5824.06
 309 VYM            287,049      8.56   5832.62
 310 GSK            286,512      8.56   5841.18
 311 NVO            293,853      8.53   5849.71
 312 HBAN           282,952      8.52   5858.23
 313 SU             287,977      8.52   5866.75
 314 ACB            287,075      8.51   5875.26
 315 ITUB           285,678      8.49   5883.75
 316 FL             283,990      8.47   5892.22
 317 BK             279,751      8.44   5900.66
 318 AIG            277,277      8.34   5909.00
 319 SLV            277,824      8.25   5917.25
 320 CNQ            275,758      8.24   5925.49
 321 SAVE           272,904      8.20   5933.70
 322 BBBY           271,845      8.20   5941.90
 323 IVZ            270,921      8.18   5950.08
 324 DIDI           263,859      8.15   5958.23
 325 MA             265,597      8.13   5966.36
 326 TMUS           268,420      8.12   5974.47
 327 EA             268,171      8.11   5982.59
 328 RCL            269,731      8.09   5990.67
 329 SKYY           270,252      8.07   5998.74
 330 UAA            264,105      7.95   6006.69
 331 OVV            264,957      7.93   6014.62
 332 IVW            265,268      7.92   6022.53
 333 IEF            264,580      7.90   6030.43
 334 EMR            263,072      7.90   6038.33
 335 BAM            263,675      7.88   6046.21
 336 CAG            259,006      7.88   6054.09
 337 DLTR           260,808      7.87   6061.96
 338 MXIM           261,901      7.85   6069.81
 339 DVY            263,234      7.83   6077.64
 340 BRK.B          258,522      7.81   6085.46
 341 IYE            262,609      7.81   6093.26
 342 WKHS           253,756      7.78   6101.05
 343 SO             258,345      7.75   6108.80
 344 ZG             259,990      7.74   6116.54
 345 ARKW           258,602      7.72   6124.26
 346 GPS            254,336      7.71   6131.97
 347 BMY            254,346      7.70   6139.66
 348 BTU            254,459      7.69   6147.36
 349 BRZU           253,425      7.65   6155.00
 350 GILD           252,532      7.64   6162.64
 351 FCEL           252,196      7.62   6170.27
 352 VWO            253,144      7.59   6177.86
 353 CLNE           250,330      7.58   6185.43
 354 T              249,188      7.56   6193.00
 355 AVGO           250,423      7.56   6200.55
 356 PFE            249,016      7.55   6208.10
 357 LB             251,234      7.54   6215.64
 358 UDR            251,397      7.54   6223.18
 359 JDST           252,842      7.52   6230.70
 360 COST           246,847      7.50   6238.20
 361 AZUL           252,224      7.48   6245.67
 362 ETN            246,188      7.43   6253.11
 363 VIPS           244,142      7.43   6260.53
 364 MVV            258,647      7.40   6267.93
 365 BMO            249,380      7.40   6275.33
 366 BLIN           227,719      7.39   6282.72
 367 OKE            246,299      7.39   6290.10
 368 SDY            246,284      7.37   6297.47
 369 GGB            246,363      7.35   6304.83
 370 KMI            243,786      7.34   6312.17
 371 MUR            245,220      7.34   6319.51
 372 MIDU           257,586      7.34   6326.85
 373 BBY            241,731      7.31   6334.16
 374 BEN            240,226      7.29   6341.45
 375 QCLN           243,836      7.28   6348.73
 376 MRNA           232,471      7.26   6355.99
 377 CNK            240,688      7.26   6363.25
 378 AEM            240,338      7.25   6370.50
 379 TILT           244,234      7.24   6377.74
 380 VLUE           236,187      7.23   6384.97
 381 CRWD           236,002      7.20   6392.17
 382 MGM            237,652      7.19   6399.36
 383 PTON           231,860      7.12   6406.48
 384 URTY           233,634      7.11   6413.59
 385 ROKU           232,393      7.10   6420.70
 386 MOS            236,193      7.10   6427.80
 387 DD             237,081      7.09   6434.89
 388 OHI            237,210      7.09   6441.98
 389 MO             232,758      7.07   6449.06
 390 PENN           232,853      7.07   6456.12
 391 VFH            237,820      7.06   6463.18
 392 MAR            233,293      7.06   6470.24
 393 CUK            234,343      7.04   6477.28
 394 NVTA           234,926      7.04   6484.32
 395 BLDP           233,475      7.03   6491.36
 396 SPLK           231,363      6.99   6498.35
 397 IWP            235,000      6.98   6505.33
 398 JCI            230,316      6.97   6512.30
 399 AFRM           223,188      6.94   6519.25
 400 AEP            230,617      6.94   6526.19
 401 IPG            230,484      6.93   6533.12
 402 FOX            231,129      6.90   6540.02
 403 HPE            226,930      6.88   6546.90
 404 HFC            229,527      6.88   6553.78
 405 PHG            230,847      6.87   6560.65
 406 NTR            230,746      6.87   6567.51
 407 KDP            225,380      6.86   6574.37
 408 Z              226,057      6.84   6581.21
 409 CTSH           226,006      6.83   6588.04
 410 ENPH           225,253      6.83   6594.87
 411 KR             225,814      6.83   6601.69
 412 WMB            225,215      6.82   6608.52
 413 GS             220,528      6.82   6615.34
 414 HST            223,662      6.82   6622.16
 415 ZS             225,316      6.81   6628.97
 416 FAST           223,118      6.81   6635.77
 417 GRMN           227,917      6.81   6642.58
 418 RCAT           210,356      6.81   6649.39
 419 SPYD           228,698      6.80   6656.19
 420 INVH           224,807      6.79   6662.98
 421 FOXA           224,956      6.78   6669.76
 422 OPEN           220,867      6.78   6676.54
 423 RDVY           227,747      6.78   6683.32
 424 ETSY           221,579      6.77   6690.09
 425 COG            223,927      6.76   6696.86
 426 VLO            222,627      6.75   6703.60
 427 AXP            222,888      6.73   6710.34
 428 PAYX           223,042      6.73   6717.07
 429 FSLR           223,159      6.73   6723.80
 430 ERY            226,105      6.71   6730.52
 431 ABB            218,260      6.67   6737.19
 432 CURE           223,526      6.67   6743.86
 433 SWKS           221,171      6.66   6750.52
 434 SRTY           223,320      6.65   6757.17
 435 CARR           219,335      6.64   6763.81
 436 WY             218,534      6.62   6770.43
 437 PEAK           219,337      6.61   6777.04
 438 GIS            218,323      6.59   6783.63
 439 BBH            222,791      6.57   6790.20
 440 APO            215,000      6.56   6796.76
 441 PBF            216,822      6.55   6803.31
 442 ERIC           225,056      6.55   6809.86
 443 OCGN           214,959      6.52   6816.38
 444 LOW            215,989      6.52   6822.91
 445 IBB            217,475      6.51   6829.41
 446 HD             212,550      6.48   6835.89
 447 SCHH           215,748      6.46   6842.35
 448 CAT            213,484      6.46   6848.81
 449 NXPI           212,684      6.44   6855.25
 450 LVS            211,862      6.44   6861.69
 451 TJX            213,502      6.43   6868.12
 452 IYG            213,184      6.43   6874.55
 453 NOV            213,132      6.42   6880.97
 454 TECK           212,439      6.40   6887.37
 455 COIN           208,968      6.40   6893.77
 456 VIG            214,675      6.40   6900.17
 457 WORK           212,323      6.39   6906.56
 458 TCOM           209,641      6.38   6912.93
 459 FXI            211,126      6.37   6919.31
 460 YNDX           214,115      6.35   6925.66
 461 STLD           211,275      6.35   6932.01
 462 DUST           214,623      6.35   6938.36
 463 BKNG           183,846      6.33   6944.69
 464 RRC            207,866      6.31   6951.00
 465 TT             211,428      6.30   6957.31
 466 EXC            207,192      6.29   6963.59
 467 LUMN           204,873      6.27   6969.86
 468 UNP            205,399      6.26   6976.13
 469 SOFI           203,483      6.26   6982.39
 470 CMA            208,374      6.25   6988.64
 471 SBSW           202,307      6.23   6994.87
 472 LI             204,965      6.23   7001.10
 473 SPLV           210,384      6.23   7007.32
 474 HES            207,943      6.22   7013.54
 475 BBD            207,973      6.20   7019.74
 476 NTES           204,650      6.19   7025.93
 477 MNST           204,257      6.16   7032.09
 478 HRL            204,808      6.16   7038.24
 479 VOE            206,360      6.13   7044.37
 480 MCHP           202,598      6.13   7050.50
 481 UPST           197,331      6.12   7056.62
 482 HBI            202,087      6.12   7062.74
 483 MMM            203,219      6.11   7068.85
 484 DBX            200,697      6.10   7074.95
 485 VOD            207,876      6.09   7081.04
 486 SGOC           192,077      6.09   7087.13
 487 AMGN           194,327      6.05   7093.18
 488 EZU            202,772      6.05   7099.23
 489 LTHM           200,812      6.04   7105.27
 490 PNQI           191,149      6.04   7111.31
 491 VEA            201,800      6.03   7117.34
 492 MMAT           191,924      6.03   7123.38
 493 ICE            200,863      6.03   7129.41
 494 CRH            204,751      6.03   7135.44
 495 PFG            200,198      6.02   7141.46
 496 SPHB           202,734      6.02   7147.48
 497 IXUS           200,677      6.00   7153.48
 498 PK             197,945      5.98   7159.46
 499 CZR            197,463      5.97   7165.42
 500 GT             196,954      5.97   7171.39
